"Gene"	"log2FoldChange"	"lfcSE"	"stat"	"pvalue"	"padj"
"ENSMUSG00000087374"	29.074492302048	4.40642532220846	1.11336474023613	3.95775540841531	7.56573708595494e-05	0.00727675719233057
"ENSMUSG00000099608"	75.9409233845442	3.58486671747939	0.922979841185787	3.8840141003229	0.000102745945095712	0.00818435668903032
"ENSMUSG00000087162"	1162.70571459287	4.80476041175569	1.06598223973744	4.50735503148641	6.56407489368241e-06	0.00292143009434859
"ENSMUSG00000102936"	1065.61680796004	3.57091591705937	0.944152789839477	3.78213775936254	0.000155487267346558	0.00962407834245066
"ENSMUSG00000103766"	104.140919365958	3.65237539431089	0.915379792833443	3.99001094726531	6.60702457462239e-05	0.0069849388144389
"ENSMUSG00000097539"	474.587753705689	3.75864905273201	0.958208133070397	3.92258103747057	8.7605413330252e-05	0.0077318477063595
"ENSMUSG00000105812"	64.4710531978403	4.74019795166424	1.0965998784007	4.32263220617663	1.54178637543682e-05	0.00411074888307683
"ENSMUSG00000106150"	58.2688627422665	4.02735103601774	1.03642258308425	3.88581945410037	0.000101985283551632	0.00818435668903032
"ENSMUSG00000027973"	3419.07244510421	3.82173950011182	0.971696155956089	3.93306022328704	8.38712138193521e-05	0.00768092580456619
"ENSMUSG00000105838"	39.538437279747	3.00862247814442	0.774592928019593	3.88413367759061	0.000102695397686036	0.00818435668903032
"ENSMUSG00000102569"	119.262133214264	3.94125500136671	0.978262843790669	4.02883031527063	5.60550586645549e-05	0.00636709431120143
"ENSMUSG00000104705"	349.982356630628	5.35557445707119	1.14350618622531	4.68346784790893	2.82061715027504e-06	0.00186069259461074
"ENSMUSG00000107256"	233.148988185934	4.85827816382464	1.09390866487932	4.44121005692978	8.94544188869087e-06	0.00338338158835311
"ENSMUSG00000108194"	2477.28964222534	3.89868768852741	0.988432604775238	3.94431311724479	8.00290354410575e-05	0.00752225249249136
"ENSMUSG00000108227"	630.394955907559	4.42530471220193	1.05658530991354	4.18830800568677	2.81041925492503e-05	0.00480428306888076
"ENSMUSG00000107042"	602.21710920039	4.16779349706176	1.09931315207378	3.79127047575069	0.00014987862087624	0.00947516950020549
"ENSMUSG00000045587"	4685.0379969162	4.40707021884993	1.02267177498502	4.30936917068479	1.63720876282466e-05	0.00421153178906796
"ENSMUSG00000058717"	2044.84850410734	4.0787956708264	1.00639502806415	4.052877406074	5.05915167585437e-05	0.00611437732065865
"ENSMUSG00000074067"	594.472001179177	3.92431495172552	0.988558894355683	3.96973308735772	7.19531888215634e-05	0.00709486521732209
"ENSMUSG00000108548"	175.108329495335	5.16526713808966	1.19999917796979	4.30439223035843	1.67444777216818e-05	0.00424562734538947
"ENSMUSG00000108448"	1430.19534320576	3.86158149756248	0.999374703590036	3.86399764141577	0.000111546298647677	0.00857907807205018
"ENSMUSG00000108676"	485.363062105646	4.28236870810559	1.05243068231034	4.06902685382066	4.72099064674546e-05	0.00597185710548582
"ENSMUSG00000110443"	420.660081369979	4.4992385918928	1.02836407615433	4.37514173843778	1.21353599635362e-05	0.00381789274995353
"ENSMUSG00000072574"	31.6050515371277	3.66605862442921	0.930741062183661	3.9388598756222	8.18697247173473e-05	0.00761402796537284
"ENSMUSG00000111056"	218.088491697997	3.60820514498142	0.951351116165256	3.79271657295733	0.000149008196159486	0.00947516950020549
"ENSMUSG00000098937"	39.894972075143	6.91966103245682	1.6254412667478	4.25709693362329	2.07098577203617e-05	0.00460400431642618
"ENSMUSG00000101042"	418.06962931389	4.43009500371205	1.01474808797388	4.36570914122881	1.26710997250086e-05	0.00381789274995353
"ENSMUSG00000114035"	125.371694159428	4.44120102526025	1.0562693816328	4.20461020880391	2.61532480981671e-05	0.0047498986536271
"ENSMUSG00000113211"	491.861814779993	4.24696174767486	1.03240609650774	4.11365427038914	3.89444568534664e-05	0.00556531441086916
"ENSMUSG00000113927"	196.931573413688	5.28520847205431	1.25057927999601	4.22620825132429	2.3766205868475e-05	0.00467544597970478
"ENSMUSG00000097553"	439.627123368418	4.17184381616477	0.966244971736116	4.31758398563146	1.57746392766505e-05	0.00413369262315892
"ENSMUSG00000048814"	25.1085970177146	-6.40846984917688	1.56797428230001	-4.08710137756629	4.36796284340753e-05	0.00585226821303306
"ENSMUSG00000026080"	18.4645927914943	-4.73794020821082	1.21795869256931	-3.89006641778304	0.00010021678891241	0.00814486534584075
"ENSMUSG00000026078"	241.648047832833	-4.2525121090624	1.05679892911651	-4.0239557326364	5.72286787740809e-05	0.00636709431120143
"ENSMUSG00000003134"	42.7344624528193	-4.12711077239967	0.979220571370075	-4.21468961444022	2.50121936215884e-05	0.00467544597970478
"ENSMUSG00000073676"	1891.95267613932	-4.15493162549365	1.04171320457074	-3.98855616619141	6.64766646039802e-05	0.0069849388144389
"ENSMUSG00000025959"	178.440269089759	-4.88081594212073	1.24742844575432	-3.91270213432507	9.12690854629017e-05	0.00782597519050244
"ENSMUSG00000026185"	44.3051583863319	-5.1164756495179	1.33563382268023	-3.83074729213626	0.000127754663345089	0.00911636626651236
"ENSMUSG00000026177"	18.9452597884653	-4.04792762627666	1.05998049736503	-3.81886990971936	0.000134064435544049	0.00911636626651236
"ENSMUSG00000026176"	43.3697475263694	-4.91919847134396	1.25823782323774	-3.90959354463348	9.24515491350919e-05	0.00787313467877225
"ENSMUSG00000047330"	89.8022157921486	-3.74021602243357	0.917669454334807	-4.07577696387938	4.58609603021445e-05	0.0058906760463689
"ENSMUSG00000104488"	13.2345515482298	-5.48530073658018	1.42994913670345	-3.8360110830416	0.000125048767035526	0.00909668816607851
"ENSMUSG00000102721"	14.8154106682448	-7.13180562000587	1.67593071222586	-4.25542987426602	2.08647753130932e-05	0.00460400431642618
"ENSMUSG00000036206"	49.634433915615	-5.54705980987703	1.29254695266146	-4.29157315984165	1.7741173074818e-05	0.00436355045477914
"ENSMUSG00000026305"	84.8313807674351	-4.8535676537915	1.24032373663861	-3.91314582670578	9.11014807192338e-05	0.00782597519050244
"ENSMUSG00000034353"	94.3602119047615	-3.9664488564217	1.01498740360239	-3.90787988337982	9.31095733743076e-05	0.00788730914755955
"ENSMUSG00000100009"	37.5711292789411	-7.74829385551613	1.50267708371797	-5.15632662497591	2.51841445600481e-07	0.000658455846645819
"ENSMUSG00000057329"	44.6241107916821	-5.06228669027746	1.21859890734797	-4.15418613930526	3.26447358568686e-05	0.00508514304828188
"ENSMUSG00000009905"	90.5788187904663	-4.35406560004692	1.06816008619572	-4.07622944942086	4.57718550036706e-05	0.0058906760463689
"ENSMUSG00000102856"	24.0524535809454	-5.11822609407139	1.29205616052683	-3.96130311548102	7.45418324872496e-05	0.00727566696356639
"ENSMUSG00000026456"	86.3996741790578	-3.96916318015273	1.04699552154846	-3.79100301621399	0.000150040131890982	0.00947516950020549
"ENSMUSG00000026395"	196.019594588423	-3.35523671048163	0.89199971493498	-3.76147733491844	0.000168912729606451	0.00999649126746248
"ENSMUSG00000104291"	31.646156870038	-6.75851717358865	1.64841749309429	-4.10000330735513	4.13144233890975e-05	0.00567372106619665
"ENSMUSG00000026358"	122.350095802947	-7.1279848928982	1.3394289909346	-5.32165940945072	1.02824950778131e-07	0.000576621758973606
"ENSMUSG00000026480"	19.5764712968093	-6.05971190270809	1.50488953288468	-4.02668220510006	5.65694068046713e-05	0.00636709431120143
"ENSMUSG00000079138"	97.0111974664295	-3.27828198433602	0.856211013759205	-3.82882482431835	0.000128756610325681	0.00911636626651236
"ENSMUSG00000026471"	45.087694062451	-3.87794601893362	1.02131398010758	-3.797016485102	0.000146448053829257	0.00945567379722387
"ENSMUSG00000038370"	151.082916941486	-7.27957089448777	1.34992636223126	-5.39256888239113	6.94574597980413e-08	0.000576621758973606
"ENSMUSG00000006403"	46.0173757022172	-4.90769000870876	1.16421536563505	-4.21544857899358	2.49282189135895e-05	0.00467544597970478
"ENSMUSG00000038235"	156.539688671572	-4.52799710615073	1.05327867651703	-4.29895449998463	1.71605694197716e-05	0.00426032277820942
"ENSMUSG00000026547"	128.13381695952	-3.50884234540669	0.871069274608883	-4.02820125527007	5.62052216244809e-05	0.00636709431120143
"ENSMUSG00000037849"	27.6255113956735	-5.28182739184883	1.29817078992873	-4.06866910950816	4.72824379406488e-05	0.00597185710548582
"ENSMUSG00000073489"	158.402423040609	-4.10399187884356	1.08586106175889	-3.77948157768534	0.000157155219455015	0.00964816905044279
"ENSMUSG00000039239"	48.7429273591953	-5.62478148125197	1.39220193247177	-4.0402051958551	5.34044561085921e-05	0.00626530353484859
"ENSMUSG00000026768"	55.2382615338849	-2.83743348947215	0.695174072637069	-4.08161581560234	4.4723681751874e-05	0.00585984725533082
"ENSMUSG00000102691"	16.9645097496104	-6.5954626519506	1.63583456289799	-4.03186410260602	5.53361836404643e-05	0.00636709431120143
"ENSMUSG00000026728"	1175.40418619094	-5.25262659433484	1.30160298146685	-4.03550596389643	5.44847555338682e-05	0.00633899610130345
"ENSMUSG00000026712"	92.017659529022	-4.06272970795824	0.920979694627712	-4.41131300902406	1.02745662866744e-05	0.00351327517209834
"ENSMUSG00000026737"	54.4435427021298	-4.3456668508449	1.06934223861577	-4.06386907195421	4.82659065314353e-05	0.00597421984673501
"ENSMUSG00000026981"	66.1115448791361	-6.06222626954925	1.34472226481913	-4.50816233816477	6.53915356801299e-06	0.00292143009434859
"ENSMUSG00000059555"	7.65309709965236	-6.18136107855261	1.615671460148	-3.82587749491248	0.000130307083086028	0.00911636626651236
"ENSMUSG00000026923"	10.0038708782781	-5.82727095876376	1.54271776995874	-3.77727609821959	0.00015855293370749	0.00968554620528173
"ENSMUSG00000026879"	3083.13860005309	-4.69899103918866	1.24175950373923	-3.784139380483	0.000154241371481513	0.00958929892454578
"ENSMUSG00000026751"	14.7672616741228	-6.3950091593847	1.57329362991885	-4.06472703999604	4.80887077945561e-05	0.00597421984673501
"ENSMUSG00000086644"	32.0289137943104	-4.89330275043961	1.19093929917951	-4.10877595005119	3.97761729062222e-05	0.00558633192284592
"ENSMUSG00000097857"	24.9733304783416	-6.41289109088662	1.63118475154783	-3.93143148549018	8.44415622359766e-05	0.00768719793355372
"ENSMUSG00000026832"	22.6525173254801	-4.96616085422043	1.25672515021532	-3.95166823339976	7.76082845787749e-05	0.00742682147202823
"ENSMUSG00000026896"	190.090143287786	-5.16023595481644	1.21709645701056	-4.2397921094036	2.23726886635498e-05	0.00467544597970478
"ENSMUSG00000103747"	14.7560669880438	-5.6781932516356	1.41829300587821	-4.00354033200612	6.24015568864933e-05	0.00667815745626102
"ENSMUSG00000006494"	137.531027383295	-5.25419152506033	1.24107324270227	-4.23358698284401	2.29993166598757e-05	0.00467544597970478
"ENSMUSG00000044033"	144.345651831801	-3.91319763590717	0.984368652031956	-3.97533751997228	7.02795122871924e-05	0.00701269482213732
"ENSMUSG00000048388"	33.3234389190104	-4.62049729964723	1.18200136411772	-3.90904565757087	9.26614516921018e-05	0.00787313467877225
"ENSMUSG00000027074"	102.896731193966	-4.08234375219276	1.02612490801553	-3.97840820381973	6.93781868079647e-05	0.00701269482213732
"ENSMUSG00000027230"	30.2713497394505	-5.15006426438102	1.34661150163115	-3.82446181258868	0.000131058056707185	0.00911636626651236
"ENSMUSG00000075015"	3853.25199762542	-6.0087588722884	1.40246419080196	-4.28442944333037	1.83208736702148e-05	0.00442843945550994
"ENSMUSG00000075014"	25827.416790506	-6.09490661981609	1.40701489284669	-4.33179964960057	1.47895492285444e-05	0.00402605991086561
"ENSMUSG00000005087"	34.1231528062829	-6.31060525096706	1.39124004664282	-4.5359571600854	5.73428200628704e-06	0.00272514463007258
"ENSMUSG00000016458"	61.7848724681809	-4.39018315450952	1.15032743884957	-3.81646390952833	0.000135377866259978	0.00911636626651236
"ENSMUSG00000040152"	94.8036878779729	-3.06009505583366	0.790460684449564	-3.87128052796776	0.000108265109117823	0.00852709380492874
"ENSMUSG00000027293"	113.475879910497	-4.25242448102115	1.02230374870285	-4.15964872125025	3.18737425078442e-05	0.00504919698405335
"ENSMUSG00000027200"	73.9967503593844	-3.59498928000061	0.938356765223719	-3.83115400584714	0.000127543637184857	0.00911636626651236
"ENSMUSG00000091337"	130.759486844186	-5.11547148297963	1.3008492097553	-3.9324092635932	8.4098727558109e-05	0.00768092580456619
"ENSMUSG00000074796"	16.3495060156799	-7.27582188979323	1.59119290422921	-4.57255802891963	4.81805729000067e-06	0.00245624560644234
"ENSMUSG00000027330"	20.8850568312353	-5.67273855133811	1.4248051801014	-3.98141348063769	6.85066576543634e-05	0.0069849388144389
"ENSMUSG00000027340"	144.389570568344	-3.88350275636381	0.931469771761097	-4.16922038062643	3.05643342416169e-05	0.00494885316387298
"ENSMUSG00000087594"	33.7236086309616	-5.03733986009153	1.25289608228683	-4.02055679741387	5.80607482929714e-05	0.00638417773092795
"ENSMUSG00000032852"	37.7582619561158	-5.71714021224488	1.47511011168699	-3.87573793098506	0.00010630204818103	0.00839606515196592
"ENSMUSG00000032715"	10.9119057466992	-6.69147524895085	1.73194203468325	-3.8635676685188	0.000111742919645658	0.00857907807205018
"ENSMUSG00000051817"	14.6047211798828	-7.11285639311006	1.72969332827461	-4.11220664197462	3.91895280502917e-05	0.00556531441086916
"ENSMUSG00000027611"	13.9367267611876	-7.04458157264437	1.74662842341669	-4.03324569679452	5.50117084913725e-05	0.00636709431120143
"ENSMUSG00000044349"	88.8967420891016	-4.15371417054936	1.07651186352285	-3.85849363234741	0.00011408803969338	0.00859923264774914
"ENSMUSG00000074622"	41.001843398163	-7.87552113001214	1.59294616949028	-4.94399702943648	7.65368700089115e-07	0.0010442238428931
"ENSMUSG00000035226"	16.0141501634168	-6.51073888106428	1.62438855185433	-4.00811669943863	6.12048762901007e-05	0.00660047510114667
"ENSMUSG00000017002"	126.35740819368	-10.2246446388219	1.61559939912165	-6.32870044664581	2.47234538863227e-10	6.93220923518602e-06
"ENSMUSG00000017009"	589.565939539408	-7.24510360889894	1.42903630884249	-5.06992269130478	3.97977326041658e-07	0.000873428815473108
"ENSMUSG00000056501"	43.6052965426747	-5.6801506672923	1.3901307901903	-4.08605485712226	4.3877008347382e-05	0.00585226821303306
"ENSMUSG00000016344"	92.7093520499979	-5.34240506586462	1.30165168023022	-4.10432771455397	4.05492322439326e-05	0.00565651702929167
"ENSMUSG00000031169"	17.7881477436755	-6.66476154125368	1.56861648003657	-4.24881519866368	2.14904108976942e-05	0.00463515100892652
"ENSMUSG00000058254"	25.0588658373796	-6.41803204702779	1.66172309773371	-3.86227528267546	0.00011233588087246	0.00857907807205018
"ENSMUSG00000036782"	54.9728515764352	-5.42757502759704	1.29592661116783	-4.18818085902718	2.81199389126764e-05	0.00480428306888076
"ENSMUSG00000031093"	164.68760496995	-4.35934427861278	1.03478674865338	-4.21279484327164	2.52230143200823e-05	0.00468362979152839
"ENSMUSG00000050379"	27.2062048654152	-3.67932130150694	0.907228229264548	-4.05556306872154	5.00136747605099e-05	0.00609710185482581
"ENSMUSG00000053909"	255.819367902039	-5.07508231613534	1.16307417473888	-4.36350701130024	1.27993836618864e-05	0.00381789274995353
"ENSMUSG00000031109"	35.373190483211	-6.91208773952286	1.45475493888377	-4.7513760254538	2.02037016572164e-06	0.00171165241548175
"ENSMUSG00000023092"	82.3002312652068	-5.50511811655573	1.39086041992367	-3.95806655915758	7.55589048109695e-05	0.00727675719233057
"ENSMUSG00000045179"	11.6580254529703	-6.78661575976131	1.71349030958657	-3.96069690140167	7.47313415423916e-05	0.00727566696356639
"ENSMUSG00000058328"	175.368069507317	-4.78192030801098	1.08176127540593	-4.42049499896968	9.8475064835301e-06	0.00345551509939572
"ENSMUSG00000072479"	115.379352909457	-4.33054138274851	1.02941008694863	-4.2068184853182	2.58990996939259e-05	0.00474630625044436
"ENSMUSG00000031386"	207.632050104282	-4.15354087010668	0.984026165410858	-4.2209658808945	2.43257757404663e-05	0.00467544597970478
"ENSMUSG00000031328"	494.819853480494	-4.31514151444567	1.02299702388552	-4.21813691896777	2.4632923101153e-05	0.00467544597970478
"ENSMUSG00000008682"	1135.39241557558	-4.35833692952998	1.13360083483158	-3.84468394483627	0.000120707912106935	0.00888327860253636
"ENSMUSG00000015289"	117.612634617104	-5.17723049421198	1.32921447288757	-3.89495495257813	9.82169814118619e-05	0.0080523565549918
"ENSMUSG00000004221"	49.7997381622753	-3.77684645672026	0.989703107098062	-3.81614085035508	0.000135555143983637	0.00911636626651236
"ENSMUSG00000047996"	30.9868621768301	-4.61056127723068	1.17356542610173	-3.92867851649799	8.54139333871334e-05	0.0077318477063595
"ENSMUSG00000025058"	18.7660762318925	-7.47338513400979	1.6575286958547	-4.50875158463315	6.52102087291222e-06	0.00292143009434859
"ENSMUSG00000035427"	271.727415095597	-5.52687949943374	1.36016687154599	-4.06338340908993	4.83664861517475e-05	0.00597421984673501
"ENSMUSG00000082033"	214.246396555735	-5.50057012302438	1.4040191872855	-3.91773144757306	8.93862079262405e-05	0.00780778780075968
"ENSMUSG00000078122"	12.6618420169023	-6.90553031777946	1.6678884008521	-4.14028319535739	3.4687731758167e-05	0.00517345378067683
"ENSMUSG00000046532"	246.948628158573	-4.0749618932548	1.01278396995108	-4.02352526714222	5.73334299103466e-05	0.00636709431120143
"ENSMUSG00000031221"	139.022210451745	-3.69654469611085	0.972015381161353	-3.8029693436479	0.000142972053757601	0.00934450679559296
"ENSMUSG00000031311"	228.282336583671	-4.23356422637957	1.07550528054493	-3.93634908443642	8.27306058276559e-05	0.00763053768684752
"ENSMUSG00000033792"	110.462424848957	-4.48062012543185	1.11626365158184	-4.0139443034649	5.97124422400161e-05	0.00649430236854253
"ENSMUSG00000031245"	210.948665604966	-5.00814553810912	1.22673295895156	-4.08250671147644	4.45525249816842e-05	0.00585984725533082
"ENSMUSG00000048621"	177.371630571375	-5.31436030861703	1.35489198706439	-3.92234979567007	8.76895599209074e-05	0.0077318477063595
"ENSMUSG00000031253"	35.816805889591	-5.96633125746305	1.58060472881306	-3.77471429048768	0.000160191154634616	0.00974316656138825
"ENSMUSG00000049804"	47.7225665238598	-6.08552264175448	1.26041623055973	-4.82818492352483	1.37783118295045e-06	0.00143085216810176
"ENSMUSG00000033460"	74.8605026570479	-5.57066584365151	1.45836830697138	-3.81979354393693	0.000133563422010215	0.00911636626651236
"ENSMUSG00000031431"	723.369803487496	-5.29855400011267	1.25309889077656	-4.22836061791509	2.35400275760515e-05	0.00467544597970478
"ENSMUSG00000000266"	56.5759860592428	-4.88926662758285	1.28168357394418	-3.81472207881771	0.00013633628297085	0.00911636626651236
"ENSMUSG00000085146"	78.7412654358165	-5.5421835420061	1.31282732448229	-4.2215632160091	2.42613891576993e-05	0.00467544597970478
"ENSMUSG00000042386"	205.348795104113	-4.04202235286511	1.05883335111989	-3.81743014478152	0.000134848950334588	0.00911636626651236
"ENSMUSG00000031274"	189.098445584771	-4.42443226781506	1.03458292809029	-4.27653709305064	1.8982294061187e-05	0.00449271654739398
"ENSMUSG00000047045"	47.5355091596605	-4.57615786871491	1.19449893530007	-3.83102716417687	0.000127609414565373	0.00911636626651236
"ENSMUSG00000041688"	70.0982870655354	-8.65040195532094	1.66526236601952	-5.19461805649161	2.05140562058386e-07	0.00063910402439501
"ENSMUSG00000025272"	74.005950682665	-4.73112009145428	1.17820553538784	-4.01553035472449	5.93122638903723e-05	0.00649430236854253
"ENSMUSG00000041649"	158.75626113749	-5.52112782203057	1.42826367536682	-3.865622235763	0.000110806335074613	0.00857907807205018
"ENSMUSG00000031357"	231.686034463968	-3.91926291168792	0.973683175099115	-4.02519321676578	5.69285532759047e-05	0.00636709431120143
"ENSMUSG00000031342"	111.0684821499	-4.89440670189902	1.21430340825266	-4.03062913983078	5.56277554563293e-05	0.00636709431120143
"ENSMUSG00000044583"	58.9286579790008	-6.72390657447082	1.37085172391063	-4.90491163791917	9.34694070514863e-07	0.0011705276756467
"ENSMUSG00000037111"	79.4535756006904	-4.83392787071769	1.24550575157322	-3.88109638563441	0.000103986615621602	0.00825971874054984
"ENSMUSG00000044167"	296.464615082736	-4.45386794794342	1.06141585769709	-4.19615734553544	2.71481678157833e-05	0.00480428306888076
"ENSMUSG00000027995"	51.753741243066	-7.47247551185158	1.64359705001574	-4.54641574817868	5.45671984956695e-06	0.00268422750635101
"ENSMUSG00000074466"	24.8556210056857	-5.9352524153566	1.51554011165091	-3.91626217592565	8.99324462024464e-05	0.00782597519050244
"ENSMUSG00000015850"	29.6270578876023	-7.40432521572493	1.67214364120418	-4.42804375968129	9.50916119386476e-06	0.00341829962454839
"ENSMUSG00000015749"	196.908161691949	-5.13314220200901	1.15413488544211	-4.44761029820416	8.68308756050398e-06	0.0033814596126246
"ENSMUSG00000053398"	57.4370140193506	-3.64239390922706	0.9548059732165	-3.81480008651052	0.000136293224011747	0.00911636626651236
"ENSMUSG00000027858"	35.0730898422894	-4.95887504470755	1.11280645195771	-4.45618825806018	8.34297745068648e-06	0.0033814596126246
"ENSMUSG00000053931"	414.626289907866	-4.7070865032015	1.25038739703576	-3.76450251686828	0.000166880987528013	0.00996728468494101
"ENSMUSG00000027997"	117.047236710363	-3.25392412942234	0.861308981383871	-3.77788250181049	0.000158167466084785	0.0096830951562255
"ENSMUSG00000028032"	135.104811838785	-5.23548209661717	1.36853219180134	-3.82561851886431	0.000130444157731875	0.00911636626651236
"ENSMUSG00000106149"	13.2215021986887	-6.9666682496517	1.71839185804944	-4.05417903781248	5.03106744218622e-05	0.00610675757625366
"ENSMUSG00000028149"	78.9860887655595	-4.4460092882884	0.978795754503576	-4.54232588140241	5.56369453767548e-06	0.00268966260589453
"ENSMUSG00000052430"	16.3111682300559	-5.15960151880308	1.35129210570195	-3.81827252378037	0.000134389422299193	0.00911636626651236
"ENSMUSG00000028268"	103.68789767202	-6.69744843792487	1.51153595882103	-4.43088925462861	9.38452790437349e-06	0.00341829962454839
"ENSMUSG00000028195"	374.962600763068	-4.68307323115743	1.22535193295309	-3.82181894459598	0.000132470938439205	0.00911636626651236
"ENSMUSG00000028194"	137.319863480714	-4.84101931045163	1.09836654267763	-4.40747157014637	1.04584323116784e-05	0.00352803161395513
"ENSMUSG00000036832"	44.8460604046938	-4.35494879585305	1.13174409394134	-3.84799781078316	0.000119087117330461	0.00881024718424485
"ENSMUSG00000041135"	104.557808612611	-5.14371868641783	1.27280542338885	-4.0412451046309	5.31681511850912e-05	0.0062637890381461
"ENSMUSG00000028226"	15.3572075099932	-6.448116933503	1.62090466865228	-3.97809757612973	6.94688644674334e-05	0.00701269482213732
"ENSMUSG00000028459"	57.9022033503618	-4.64178243107988	1.21051258689979	-3.83455941004943	0.000125789566993753	0.00909668816607851
"ENSMUSG00000028464"	413.505100396235	-6.86212046646714	1.29816130215971	-5.28603067665849	1.24998941060596e-07	0.000584140884733007
"ENSMUSG00000008575"	282.699133847646	-4.40267013097052	1.07804272319079	-4.0839477288428	4.42769946652137e-05	0.00585605025197136
"ENSMUSG00000035275"	81.3839581378	-4.80544143983933	1.20687312845345	-3.98172875552981	6.84158308326478e-05	0.0069849388144389
"ENSMUSG00000028601"	56.2309538960977	-6.5699875456946	1.5159461303982	-4.33391887346871	1.46478172551247e-05	0.00402605991086561
"ENSMUSG00000006395"	37.904953555479	-4.7188878615918	1.19815758529123	-3.93845343844716	8.20085040672848e-05	0.00761402796537284
"ENSMUSG00000028654"	13.1537137875563	-6.22353543999783	1.63539598836056	-3.80552201686439	0.000141505425422838	0.00929460866530009
"ENSMUSG00000047945"	285.503321060212	-5.26076196472074	1.27950603130725	-4.1115569883996	3.92999840704766e-05	0.00556531441086916
"ENSMUSG00000050966"	35.4351916948911	-6.92186928245735	1.64681625747607	-4.20318250505123	2.6318821683064e-05	0.0047498986536271
"ENSMUSG00000000682"	140.834295868895	-4.5877949808866	0.989750397480586	-4.635305014845	3.56411546155461e-06	0.00216012055520721
"ENSMUSG00000037306"	45.7699600978028	-4.3590014503909	1.12760615247393	-3.86571272321226	0.000110765256669558	0.00857907807205018
"ENSMUSG00000059713"	111.489528689744	-5.368834091362	1.2948812045578	-4.14619817823015	3.38041271559634e-05	0.00513912644094179
"ENSMUSG00000036887"	33.7951168899843	-7.59533353191367	1.61746457950113	-4.69582680707374	2.65530458513205e-06	0.00186069259461074
"ENSMUSG00000041120"	140.302034578825	-5.62949594279627	1.49681216530227	-3.76099023865124	0.000169242035153548	0.00999649126746248
"ENSMUSG00000028591"	119.45131401955	-4.82571011719414	1.26829737883454	-3.80487273546885	0.000141877117898229	0.00929460866530009
"ENSMUSG00000029059"	43.7646103075978	-4.73807951271957	1.22499615335643	-3.8678321558296	0.000109807201191424	0.00857907807205018
"ENSMUSG00000029050"	229.136097244573	-4.5960888159201	1.03321527718362	-4.44833609937349	8.65380454547956e-06	0.0033814596126246
"ENSMUSG00000095567"	94.5035426931378	-4.81352323871344	1.20809666790798	-3.98438582489334	6.76548754989806e-05	0.0069849388144389
"ENSMUSG00000038072"	114.001936645425	-4.02123087424572	1.06530420994875	-3.77472541335322	0.000160184007497345	0.00974316656138825
"ENSMUSG00000006641"	38.6945354191604	-4.35107746724492	1.09090344777106	-3.98850831036885	6.64900740852473e-05	0.0069849388144389
"ENSMUSG00000059866"	75.4379610432454	-3.97784348091418	1.04461228383473	-3.80796161644939	0.000140117014927944	0.00924409642721088
"ENSMUSG00000104547"	11.0272010412345	-6.70523424417574	1.73712031161771	-3.85997112539168	0.000113400424097744	0.00858786294605348
"ENSMUSG00000105601"	57.9333472347596	-4.15308962701512	1.04461330739174	-3.97571962526959	7.01667539952312e-05	0.00701269482213732
"ENSMUSG00000036256"	2102.10326846103	-4.70128434549549	1.08456651674941	-4.33471278422449	1.45950553942373e-05	0.00402605991086561
"ENSMUSG00000029366"	191.28221297319	-4.87896999734497	0.977768888032193	-4.98990104621158	6.04102304660012e-07	0.0010442238428931
"ENSMUSG00000054932"	337.730654583769	-5.69164453240144	1.15159128194434	-4.94241717668417	7.71598879053471e-07	0.0010442238428931
"ENSMUSG00000057315"	114.586156954597	-3.46498410290827	0.874623363661475	-3.96168710655368	7.44220279494218e-05	0.00727566696356639
"ENSMUSG00000029313"	50.4333985057629	-4.33388834578524	0.935633580996222	-4.63203591000946	3.62087328701946e-06	0.00216012055520721
"ENSMUSG00000103580"	15.9563037272626	-7.24040225764007	1.72655547533444	-4.19355321104732	2.7461862089749e-05	0.00480428306888076
"ENSMUSG00000044339"	36.5102565659785	-3.72409434843427	0.980398245899748	-3.7985526432848	0.000145543518521126	0.00942469911273409
"ENSMUSG00000014158"	8.6599300833196	-6.35675175773619	1.60904308113052	-3.95064111849007	7.79421246415613e-05	0.00743339875110455
"ENSMUSG00000011884"	85.0638127161089	-3.67320476780884	0.971887288480429	-3.77945551027012	0.000157171671647744	0.00964816905044279
"ENSMUSG00000029561"	102.91318917509	-6.32341783552082	1.51708730182055	-4.16813048789779	3.07108117448518e-05	0.00494885316387298
"ENSMUSG00000041390"	33.6498188027204	-4.29047084408161	1.03207137570722	-4.15714546984852	3.22248809980255e-05	0.00507614291181819
"ENSMUSG00000085382"	37.6693085449747	-6.01447243680055	1.50931452916105	-3.98490329258521	6.75076132425491e-05	0.0069849388144389
"ENSMUSG00000047420"	16.8022818924076	-7.31313451588268	1.69250853660973	-4.3208848627326	1.55404751098878e-05	0.00411074888307683
"ENSMUSG00000038648"	71.2824645267574	-3.43486890569889	0.907010319391628	-3.78702296132948	0.000152463016062359	0.00955377306618085
"ENSMUSG00000029860"	99.1505382578311	-5.73986409479184	1.50421696145634	-3.81584853905295	0.000135715737359934	0.00911636626651236
"ENSMUSG00000043496"	34.8223774794481	-6.89709740028226	1.65214726423454	-4.17462628761352	2.98475611866905e-05	0.00489412729891003
"ENSMUSG00000003477"	72.9175832643005	-5.20678508690389	0.994210722429663	-5.23710413641435	1.63115667371729e-07	0.00063910402439501
"ENSMUSG00000029778"	21.9469230975526	-4.49532509683837	1.18933033834603	-3.77971111296958	0.000157010420472902	0.00964816905044279
"ENSMUSG00000043162"	94.2696776012062	-3.7213600610467	0.986679851096518	-3.77159831216892	0.000162205225971419	0.00980865615933308
"ENSMUSG00000054641"	41.9933937441891	-7.13850098655906	1.67680086905682	-4.25721450787082	2.06989731464577e-05	0.00460400431642618
"ENSMUSG00000029919"	201.641465196749	-3.29147555458302	0.772502479158466	-4.26079610536476	2.03700006356859e-05	0.00460400431642618
"ENSMUSG00000047013"	26.231631255123	-7.22595905635536	1.6279417461407	-4.43870861686891	9.05002386413506e-06	0.00338338158835311
"ENSMUSG00000042389"	69.0522876867366	-4.75380840265548	1.18164520597464	-4.02304209302356	5.74512236789459e-05	0.00636709431120143
"ENSMUSG00000030110"	51.4509851383946	-4.67329356845745	1.22424644912144	-3.81728170158153	0.000134930081178644	0.00911636626651236
"ENSMUSG00000040552"	148.32774511612	-4.8635573189409	1.28143055170651	-3.79541233230626	0.000147398274734082	0.00945567379722387
"ENSMUSG00000023191"	70.1605249578155	-8.65165742353526	1.70758206429162	-5.06661296370805	4.04956474950975e-07	0.000873428815473108
"ENSMUSG00000057666"	422.27224618711	-3.2625901980618	0.845310180727526	-3.85963670194273	0.000113555719459961	0.00858786294605348
"ENSMUSG00000000184"	334.389724788018	-5.22728428328466	1.08833607096908	-4.80300563651277	1.56301483773235e-06	0.0015112197598337
"ENSMUSG00000030156"	147.72887379857	-3.82496348477062	1.01064580244401	-3.78467260787195	0.000153911056174565	0.00958929892454578
"ENSMUSG00000053063"	96.3319705300747	-4.91657803766305	1.0198628339468	-4.82082283421998	1.42967286186791e-06	0.00143166419192551
"ENSMUSG00000030149"	6.13096595125859	-5.85623830639973	1.55198404135418	-3.77338822459145	0.000161045388765711	0.00977392133247137
"ENSMUSG00000108238"	14.2712067660467	-5.59755809356326	1.45101276947167	-3.85769044306991	0.000114463486804835	0.0086044013579645
"ENSMUSG00000030237"	9.44648184152677	-6.48258574557935	1.51227560651519	-4.28664306800365	1.81393395643283e-05	0.00442268645255828
"ENSMUSG00000109860"	76.6821851157844	-4.8929878990934	1.19356033020055	-4.09948938087718	4.14062667267061e-05	0.00567372106619665
"ENSMUSG00000049130"	39.2101019908167	-7.07145527719228	1.52113481011001	-4.64880247969664	3.33867737408377e-06	0.00212757215663488
"ENSMUSG00000046223"	41.5321521853179	-4.81067685412712	1.26143419098357	-3.81365662078346	0.000136925682595745	0.00911938055653705
"ENSMUSG00000064254"	37.9345942869364	-5.50919444621177	1.34857540109046	-4.08519571227314	4.40396801936579e-05	0.00585226821303306
"ENSMUSG00000036931"	15.0428913735233	-7.1555878325478	1.67573990086272	-4.27010649377264	1.95379654576035e-05	0.00452747945013012
"ENSMUSG00000064023"	12.937695277309	-6.93524419196691	1.7247284145494	-4.02106449540858	5.79357385429681e-05	0.00638417773092795
"ENSMUSG00000019539"	172.158588492935	-5.11315315888104	1.23192771833229	-4.15053016730795	3.31706043289474e-05	0.00513851146286937
"ENSMUSG00000003873"	146.8848573864	-5.2057196556807	1.08625681683008	-4.79234705368482	1.64841429412603e-06	0.00154066294643333
"ENSMUSG00000030447"	172.96179754441	-4.35634730497476	1.03297672312411	-4.21727538235279	2.47271927627234e-05	0.00467544597970478
"ENSMUSG00000015133"	56.8272423922534	-6.33626641543023	1.41206128438114	-4.48724604627003	7.21497343544625e-06	0.00311231754086888
"ENSMUSG00000005533"	267.276207087727	-4.0484469757022	1.00566886497824	-4.02562624407171	5.68238842660162e-05	0.00636709431120143
"ENSMUSG00000030605"	152.232550486291	-5.44098813377103	1.32737246122241	-4.09906660920197	4.14819650690222e-05	0.00567372106619665
"ENSMUSG00000032875"	45.2110699845234	-6.70957281243028	1.53713754430615	-4.36497881226297	1.27135080794162e-05	0.00381789274995353
"ENSMUSG00000070423"	25.1094429088803	-6.42011286174403	1.64200561767147	-3.90992137459823	9.23261681017371e-05	0.00787313467877225
"ENSMUSG00000043366"	16.5147591990723	-7.28880468262868	1.71693442875723	-4.24524347613238	2.18356189019646e-05	0.00463824938175897
"ENSMUSG00000030921"	49.4359980676189	-4.83460062052333	1.19516876910906	-4.04511960610156	5.22964174502598e-05	0.0062133019020671
"ENSMUSG00000030707"	17.3450846899985	-5.3183083847508	1.40428634797138	-3.78719653041817	0.000152356591164151	0.00955377306618085
"ENSMUSG00000030793"	71.3558287568009	-4.3095438807463	1.04380145336652	-4.12870078581224	3.64818782252128e-05	0.00534492928781962
"ENSMUSG00000030782"	31.1302532601471	-4.35741153105569	1.14313340418118	-3.8118136650699	0.000137950856084813	0.00914421762118692
"ENSMUSG00000042105"	196.569531785574	-4.39940042203656	1.07255889345284	-4.10177981730567	4.09984316029772e-05	0.00567372106619665
"ENSMUSG00000030849"	73.8642361259792	-4.94353452734411	1.30242249246123	-3.79564584914542	0.000147259590783372	0.00945567379722387
"ENSMUSG00000058325"	142.828808785195	-4.35912496850933	1.07650029748234	-4.04934859628389	5.13603926535837e-05	0.00615182283210401
"ENSMUSG00000031097"	15.0849016928381	-7.15729854804149	1.73425130841196	-4.12702502418485	3.67486417965881e-05	0.00534492928781962
"ENSMUSG00000048583"	124.218514188729	-4.78146362193571	1.24687791155712	-3.83474883757027	0.000125692666530679	0.00909668816607851
"ENSMUSG00000019806"	149.837343108255	-4.43734357236445	0.94490464923381	-4.6960754992184	2.65207549266136e-06	0.00186069259461074
"ENSMUSG00000015501"	91.4154075290981	-5.5580858575979	1.2671647126576	-4.38623787584886	1.15327995108349e-05	0.00371687546533679
"ENSMUSG00000019850"	271.77039343554	-4.41709878498586	0.937782973835705	-4.71015033139183	2.47534141382482e-06	0.00182647626058511
"ENSMUSG00000019998"	345.43941702276	-3.7552910035761	0.996887418213244	-3.76701614943324	0.000165210317663056	0.00991934067870328
"ENSMUSG00000103931"	8.24311701366871	-6.28610519682607	1.57687751375681	-3.98642579527297	6.70760926637818e-05	0.0069849388144389
"ENSMUSG00000019880"	6.42642194473646	-5.9290344830489	1.57468275345154	-3.76522475403574	0.000166399337056756	0.00996728468494101
"ENSMUSG00000038151"	21.920161418214	-6.9660657837709	1.62045290559508	-4.29883877508476	1.71695307941676e-05	0.00426032277820942
"ENSMUSG00000111116"	39.725842428146	-7.82855342079737	1.64279892585982	-4.76537529795377	1.88502452364566e-06	0.00165169383182815
"ENSMUSG00000020097"	291.141592665615	-4.56186794979917	1.18673946865785	-3.84403491269945	0.000121027776358631	0.00888350215005142
"ENSMUSG00000020092"	60.7146033075991	-5.47371091042346	1.34925933467394	-4.0568264156173	4.97440242255859e-05	0.00609710185482581
"ENSMUSG00000001435"	44.3979103298923	-5.06141822700128	1.2431585128885	-4.07141822585519	4.67277665163662e-05	0.00595545384251087
"ENSMUSG00000015312"	350.942882974172	-4.03180684472111	0.985399515682508	-4.09154538900762	4.28508053505025e-05	0.00582480808091523
"ENSMUSG00000020255"	700.372999112134	-4.0828777743189	0.9187321391845	-4.44403499146445	8.8287236072845e-06	0.00338338158835311
"ENSMUSG00000035620"	102.030091141918	-3.91623178216355	1.01796367792148	-3.8471232983085	0.000119512832205607	0.00881847447950792
"ENSMUSG00000020019"	25.647516362171	-4.62524138278809	1.14030227658879	-4.05615377408915	4.98874217712901e-05	0.00609710185482581
"ENSMUSG00000035948"	27.2335789309086	-5.59483185485234	1.36876086754407	-4.08751593321848	4.36016739401229e-05	0.00585226821303306
"ENSMUSG00000008206"	28.4710101563902	-3.99613045299615	1.02568293220759	-3.896068002609	9.77669492173129e-05	0.0080523565549918
"ENSMUSG00000031502"	361.511640813832	-5.34317471562821	1.25610433096643	-4.25376665289995	2.10204353359081e-05	0.00460400431642618
"ENSMUSG00000031451"	140.902020185757	-5.87007335448381	1.34801914636449	-4.35459197320378	1.33314999774884e-05	0.00385362812235875
"ENSMUSG00000031538"	122.348349385462	-5.78195767695567	1.11259449855923	-5.19682389625609	2.02722238573107e-07	0.00063910402439501
"ENSMUSG00000085795"	14.6870131513697	-6.38591937984645	1.66765221588957	-3.82928725725948	0.000128514926462754	0.00911636626651236
"ENSMUSG00000039328"	28.9210506969581	-5.65026526040945	1.39797105911421	-4.04176125361966	5.30512316943257e-05	0.0062637890381461
"ENSMUSG00000031594"	52.5051223500352	-5.59503220877793	1.4743069320366	-3.79502536900439	0.000147628360194993	0.00945567379722387
"ENSMUSG00000110231"	43.2735282946216	-5.17434809182844	1.36784796364581	-3.78283861171012	0.000155049952680524	0.00961824252922395
"ENSMUSG00000031633"	563.82817169776	-4.89703861408337	1.27192907906018	-3.85008778767898	0.000118075496105853	0.0087817475737719
"ENSMUSG00000031562"	114.340320108299	-5.72485593055094	1.15892763108775	-4.93978724553983	7.82078558463392e-07	0.0010442238428931
"ENSMUSG00000055148"	517.478948913861	-3.686658026276	0.948414832668281	-3.88717879485701	0.000101416054779414	0.00818435668903032
"ENSMUSG00000031791"	44.4186088619552	-5.43108849337169	1.33233167769218	-4.0763787158309	4.57424968842247e-05	0.0058906760463689
"ENSMUSG00000005413"	112.361899224635	-5.34759009559971	1.36474370157902	-3.91838415477757	8.91445545528503e-05	0.00780778780075968
"ENSMUSG00000052837"	407.331486943425	-5.86167749769581	1.42081521138042	-4.1255734389279	3.69812148021329e-05	0.00534492928781962
"ENSMUSG00000031659"	225.320463257927	-4.38979412474472	1.14992309551812	-3.8174675696611	0.000134828503220522	0.00911636626651236
"ENSMUSG00000036564"	284.558858647328	-4.74003494690947	1.14620208508111	-4.13542690997117	3.54295369401612e-05	0.00525613114426021
"ENSMUSG00000031880"	51.9464039927958	-6.89889067960614	1.39461281877277	-4.94681433207894	7.54378673291981e-07	0.0010442238428931
"ENSMUSG00000095941"	19.7208288780266	-6.81254572352343	1.63176268841196	-4.17496108466204	2.9803699668139e-05	0.00489412729891003
"ENSMUSG00000041515"	36.3121317485022	-5.6595652755737	1.45423789686042	-3.89177402665152	9.95139098088861e-05	0.00811125150328883
"ENSMUSG00000097336"	23.2654683905343	-5.7753821248372	1.35825675271143	-4.25205478515608	2.11818023759398e-05	0.00460400431642618
"ENSMUSG00000031987"	73.472067817724	-4.61181410301246	1.12738217561277	-4.0907282399651	4.30020782748833e-05	0.00582480808091523
"ENSMUSG00000021752"	77.8674531903701	-4.07003021397565	1.02346798654159	-3.97670495559783	6.98767747420312e-05	0.00701269482213732
"ENSMUSG00000095280"	1061.1976201906	-6.07711724211718	1.44615620568493	-4.20225506638057	2.64269121568468e-05	0.0047498986536271
"ENSMUSG00000021994"	41.018517655642	-4.70411481230793	1.23826074986286	-3.79896949235361	0.0001452989744826	0.00942469911273409
"ENSMUSG00000006526"	46.9673107855477	-4.57240606340403	1.0350537709879	-4.41755413251616	9.98240746999013e-06	0.00345551509939572
"ENSMUSG00000021910"	258.291160610658	-3.99056322151749	1.04256271676518	-3.82764811876186	0.000129373531577315	0.00911636626651236
"ENSMUSG00000021943"	37.3852634597582	-7.74155319863997	1.65134557063324	-4.6880273495216	2.75851159757534e-06	0.00186069259461074
"ENSMUSG00000037824"	68.0069422585461	-5.9194928634853	1.53375600793658	-3.85947493138039	0.000113630912407213	0.00858786294605348
"ENSMUSG00000104876"	13.4463364401094	-6.99277737152774	1.67830567599535	-4.16656957760721	3.09217545201948e-05	0.00495437185709567
"ENSMUSG00000000957"	50.9068157898043	-3.88806626664431	0.937924059600838	-4.14539559663177	3.39227539018997e-05	0.00513912644094179
"ENSMUSG00000022175"	36.7651006052427	-5.94891496222244	1.52784885999808	-3.89365408973105	9.87454292620049e-05	0.00807207898273281
"ENSMUSG00000022199"	55.5745979247366	-5.01074811957944	1.16266670420393	-4.30970294535979	1.63473980892928e-05	0.00421153178906796
"ENSMUSG00000022216"	728.499817654672	-4.90399405063492	1.18332146856432	-4.14426187719281	3.40909988949382e-05	0.00513912644094179
"ENSMUSG00000079197"	1002.75489948009	-5.0372357961748	1.26823392120321	-3.97185070668653	7.13164113098629e-05	0.00706586875165104
"ENSMUSG00000054509"	27.5425267515618	-5.30961695574481	1.31563994420236	-4.03576752069799	5.44240864958212e-05	0.00633899610130345
"ENSMUSG00000091649"	22.4913149407071	-4.62240736382171	1.21162879580168	-3.81503590855423	0.00013616313202868	0.00911636626651236
"ENSMUSG00000021998"	111.550592388349	-4.56281623012266	1.03698449050871	-4.40008145915885	1.08210249580991e-05	0.00352803161395513
"ENSMUSG00000044350"	136.592537208467	-4.13290844674022	1.09189095272116	-3.78509267472212	0.000153651308783527	0.00958929892454578
"ENSMUSG00000063410"	105.713410454303	-4.50332577659158	1.00626162839991	-4.47530309165466	7.63029922954644e-06	0.00319322328503362
"ENSMUSG00000097312"	162.088568823148	-5.37649469477784	1.37036644665609	-3.92339925419025	8.73082845270514e-05	0.0077318477063595
"ENSMUSG00000091028"	110.258128455671	-5.72808030556293	1.34254262877461	-4.26659100634381	1.98482549576086e-05	0.00456168213734743
"ENSMUSG00000096385"	24.3048502762196	-7.11627226426127	1.68768099825574	-4.21659796585737	2.48015568466001e-05	0.00467544597970478
"ENSMUSG00000095186"	40.1765808499973	-6.53665388253311	1.58300222509715	-4.12927649683623	3.63906561985602e-05	0.00534492928781962
"ENSMUSG00000095891"	214.954721735978	-6.28692771248993	1.40882430599283	-4.46253495609546	8.09957101664508e-06	0.00333976281964281
"ENSMUSG00000037405"	147.870652441247	-4.6342216427973	1.22207124865825	-3.79210430479021	0.000149376145782576	0.00947516950020549
"ENSMUSG00000032194"	42.4856412576153	-5.12709702405465	1.3061406821028	-3.92537886179333	8.65933396373935e-05	0.0077318477063595
"ENSMUSG00000031963"	46.2105220778743	-4.90598163560886	1.03372481154679	-4.74592616991355	2.07554413946216e-06	0.00171165241548175
"ENSMUSG00000033453"	33.9839809292391	-5.92706872836319	1.5192954651886	-3.90119556344982	9.57187834023749e-05	0.00803550589167422
"ENSMUSG00000032035"	88.8405677717504	-4.15838541913839	1.09462473403263	-3.7989141756543	0.000145331403682186	0.00942469911273409
"ENSMUSG00000110914"	13.6433142164435	-6.27597141014012	1.66416897403409	-3.77123447682516	0.000162441945165109	0.00980865615933308
"ENSMUSG00000002033"	20.734786673597	-6.11345614518717	1.61257497728621	-3.79111435517588	0.000149972877641014	0.00947516950020549
"ENSMUSG00000032089"	13.9735332868336	-6.31305950158019	1.60257047175248	-3.93933347260329	8.17082934493109e-05	0.00761402796537284
"ENSMUSG00000032085"	88.9752981203649	-5.90551065383592	1.28734302700647	-4.58736368624945	4.48878327319856e-06	0.00242040373456181
"ENSMUSG00000066687"	151.222907856723	-3.93939429876957	0.989021722138451	-3.98312212016118	6.80157823910741e-05	0.0069849388144389
"ENSMUSG00000102617"	8.52011366031909	-6.33532369586401	1.67631006156822	-3.7793268925065	0.00015725287121696	0.00964816905044279
"ENSMUSG00000037206"	88.784224744201	-5.95392107634088	1.41148834411113	-4.21818649879839	2.46275084744679e-05	0.00467544597970478
"ENSMUSG00000032402"	53.0910463517509	-5.57740516822779	1.22616181648657	-4.54866975405351	5.39860856586169e-06	0.00268422750635101
"ENSMUSG00000032380"	108.589531710443	-5.33644785040645	1.06195222593979	-5.02512986936289	5.03091970199705e-07	0.000974668249950988
"ENSMUSG00000032366"	493.079634101116	-4.75238451932421	1.19486970160092	-3.9773244839641	6.96950306496818e-05	0.00701269482213732
"ENSMUSG00000036030"	112.02254218309	-5.67254445446884	1.15774928851414	-4.89963112976647	9.60167500262997e-07	0.0011705276756467
"ENSMUSG00000032263"	88.9460879341406	-4.16097099369409	1.05507812863747	-3.94375627809438	8.02151822552486e-05	0.00752225249249136
"ENSMUSG00000099974"	126.200183971553	-4.26384368445435	1.08645928331296	-3.9245315033367	8.68986874747718e-05	0.0077318477063595
"ENSMUSG00000032374"	162.410776259213	-4.96691804454704	1.28832699016682	-3.85532406171502	0.000115576426627463	0.00866483269039417
"ENSMUSG00000032547"	194.501990300493	-3.78544147391457	1.00385922845244	-3.77088875274898	0.000162667181928381	0.00980865615933308
"ENSMUSG00000032554"	61.3625202285131	-5.17278467504279	1.2382536850243	-4.17748377218945	2.94751685730104e-05	0.00489026184389727
"ENSMUSG00000020253"	54.0091249309237	-4.89113155272757	1.1452388895257	-4.2708395579836	1.94738472945869e-05	0.00452747945013012
"ENSMUSG00000052911"	357.749888142022	-5.89521511100213	1.21989345966515	-4.83256555258548	1.34784709237357e-06	0.00143085216810176
"ENSMUSG00000043953"	283.257786572086	-4.47280241731679	1.12263995211162	-3.98418246999292	6.77128299050241e-05	0.0069849388144389
"ENSMUSG00000079259"	279.112899572038	-6.39093292708907	1.31095863204088	-4.87500731975024	1.08804420624669e-06	0.00127115297912295
"ENSMUSG00000047409"	97.5034423796877	-4.73851506153398	1.09208296029431	-4.33896987116894	1.43152144425103e-05	0.00401384297753546
"ENSMUSG00000020427"	115.985624677345	-5.74696446635576	1.28223078806307	-4.48200473725724	7.39451018284797e-06	0.00314143440934658
"ENSMUSG00000020422"	67.6414569243474	-6.8694065014921	1.48892589382082	-4.61366581775544	3.95628356078038e-06	0.00222249601767067
"ENSMUSG00000020407"	183.917772340897	-7.4336906278118	1.39054183880998	-5.3458949744177	8.99713693180492e-08	0.000576621758973606
"ENSMUSG00000042363"	106.398959554125	-3.58360991856279	0.930257568893533	-3.85227708797382	0.000117024492422362	0.0087499993147483
"ENSMUSG00000020275"	168.257134714339	-3.97564197068987	0.977653311623366	-4.0665151167835	4.77213910575723e-05	0.00597348251724674
"ENSMUSG00000020282"	35.4577490104288	-5.95044958505948	1.49769393880813	-3.97307449197188	7.0950848056381e-05	0.00705457740657045
"ENSMUSG00000057098"	183.734052787239	-4.38475132546677	1.11371641585264	-3.93704471179039	8.24912414243387e-05	0.00763053768684752
"ENSMUSG00000085784"	23.4346058135624	-6.32027554388065	1.65513628940103	-3.81858314892478	0.000134220345123431	0.00911636626651236
"ENSMUSG00000020387"	63.0103011362171	-4.16628220973607	0.988029677539816	-4.21675816470419	2.47839516727536e-05	0.00467544597970478
"ENSMUSG00000081769"	46.1601923847086	-6.79193857217694	1.4405098147921	-4.71495473507564	2.41764489469677e-06	0.00182647626058511
"ENSMUSG00000018339"	191.486972798362	-5.6994769483028	1.45595699831745	-3.91459154005875	9.05573773278411e-05	0.00782597519050244
"ENSMUSG00000020536"	137.218038772437	-4.82385823131279	1.22839606153126	-3.92695677101047	8.60274355935993e-05	0.0077318477063595
"ENSMUSG00000020902"	79.916639184369	-5.10326046826129	1.30046225246383	-3.92418961687873	8.70221749556263e-05	0.0077318477063595
"ENSMUSG00000040950"	64.1943662475494	-5.4480071608041	1.24806766828841	-4.36515366853102	1.27033423051006e-05	0.00381789274995353
"ENSMUSG00000040938"	11.6174462196619	-6.78117381881949	1.7821933253079	-3.8049597215543	0.000141827267905722	0.00929460866530009
"ENSMUSG00000018920"	304.747316311882	-3.70688362760764	0.882994186933655	-4.19808384071067	2.69182979106915e-05	0.00480428306888076
"ENSMUSG00000020821"	28.295767652797	-5.23517356389471	1.39131140375125	-3.76276191640466	0.000168047165842856	0.00998278492175389
"ENSMUSG00000087107"	24.2082114372566	-6.36711828784268	1.63402363517592	-3.89658885635224	9.75570251773867e-05	0.0080523565549918
"ENSMUSG00000110344"	264.593234377155	-5.42310286131391	1.33915115462256	-4.04965701040853	5.12927545862646e-05	0.00615182283210401
"ENSMUSG00000003948"	20.4626194466528	-5.50624813692602	1.40705605535219	-3.91331114064804	9.1039107768076e-05	0.00782597519050244
"ENSMUSG00000003949"	31.3626107154529	-5.7587813189214	1.51133383942193	-3.81039659717013	0.000138744035190279	0.00917510377995336
"ENSMUSG00000001506"	133.767017212773	-5.4354625896791	1.28034614908026	-4.24530709416644	2.1829424290532e-05	0.00463824938175897
"ENSMUSG00000038437"	46.8582039455736	-5.75921020531835	1.48992656240427	-3.8654322640069	0.000110892622932922	0.00857907807205018
"ENSMUSG00000050538"	47.0480541610364	-5.21908779408224	1.34585442612564	-3.87789919382782	0.000105362354873671	0.00834535330029059
"ENSMUSG00000058756"	89.668091667975	-4.5815335624658	1.18620723253213	-3.86233824648485	0.000112306923719191	0.00857907807205018
"ENSMUSG00000017493"	368.506787188282	-4.48496921541465	1.14214164555532	-3.92680648049918	8.60811850982691e-05	0.0077318477063595
"ENSMUSG00000020913"	8.8654620458448	-6.38820893021088	1.64462395058704	-3.88429764015698	0.000102626125986427	0.00818435668903032
"ENSMUSG00000020923"	134.173431780344	-4.29445892898631	1.00442500641889	-4.27553963864113	1.90674870409031e-05	0.00449271654739398
"ENSMUSG00000034708"	167.914581650015	-5.81362447166322	1.33627444531408	-4.35062160475333	1.35752143564207e-05	0.00388403505448654
"ENSMUSG00000087683"	27.681090519509	-7.30318636095503	1.67534530280887	-4.35921260453624	1.30531253540477e-05	0.00385259559791729
"ENSMUSG00000051043"	13.3750279018268	-6.24842722436887	1.62710186991813	-3.84021882089243	0.000122924692830253	0.00899917875265658
"ENSMUSG00000059923"	80.2169220163669	-3.54562077198792	0.917947628951969	-3.86255235065643	0.000112208509549919	0.00857907807205018
"ENSMUSG00000020773"	27.6574467852901	-5.04024106502239	1.28137424330746	-3.93346525525018	8.3729946762035e-05	0.00768092580456619
"ENSMUSG00000020810"	115.20846612451	-5.03029373197279	1.14288740487553	-4.40139046988676	1.07559360804554e-05	0.00352803161395513
"ENSMUSG00000054418"	28.2269189177661	-7.3330147056098	1.67978418688358	-4.36545049231257	1.2686103352652e-05	0.00381789274995353
"ENSMUSG00000025574"	45.7624712384274	-5.7327734702419	1.41604412048295	-4.04844269138077	5.15595551034075e-05	0.00615182283210401
"ENSMUSG00000053113"	141.144181247989	-5.06992941073967	1.32668464134508	-3.82150305561648	0.000132640770216909	0.00911636626651236
"ENSMUSG00000025578"	30.0226670251064	-5.38775247631223	1.28511191042826	-4.19243836477774	2.75972074513583e-05	0.00480428306888076
"ENSMUSG00000097062"	58.0104374308695	-3.87727064209946	1.01369697765974	-3.8248813279987	0.000130835093230701	0.00911636626651236
"ENSMUSG00000025140"	12.0788580251596	-6.1009915098905	1.59112642268614	-3.83438513929698	0.000125878776291539	0.00909668816607851
"ENSMUSG00000033781"	23.3051498545408	-4.97243007837759	1.28762432745791	-3.86170870831123	0.000112596766308159	0.00857907807205018
"ENSMUSG00000021306"	42.474489378096	-3.72705126776616	0.991155730143702	-3.76030845044481	0.000169703978148726	0.00999649126746248
"ENSMUSG00000006717"	455.19821613791	-5.13018635648064	1.17462405370601	-4.36751345274651	1.25669058199389e-05	0.00381789274995353
"ENSMUSG00000021423"	88.4188702203601	-5.0855999878861	1.21569428775905	-4.1832885447382	2.87322335772409e-05	0.00482409040282788
"ENSMUSG00000021360"	40.2504607261052	-4.33926410010022	1.100191002716	-3.94410069650455	8.00999977462503e-05	0.00752225249249136
"ENSMUSG00000021367"	11.9242747934174	-6.81764128642949	1.71149646455433	-3.98343872022242	6.79251925682069e-05	0.0069849388144389
"ENSMUSG00000038175"	61.8180086278612	-4.54083591344315	1.10285141779548	-4.1173596371848	3.83237792231425e-05	0.00551056638788561
"ENSMUSG00000037966"	77.8619877207861	-5.48501404478873	1.31856043899446	-4.15985030536151	3.1845624431181e-05	0.00504919698405335
"ENSMUSG00000044258"	113.580728663384	-6.83811659905315	1.48226085418261	-4.61330175438251	3.96322268567116e-06	0.00222249601767067
"ENSMUSG00000021466"	332.180057571355	-4.62012981351947	1.22590403839182	-3.76875323747224	0.000164064981456058	0.00987171247864035
"ENSMUSG00000033114"	58.672165434609	-4.91764116694233	1.26602697651255	-3.8843099382358	0.00010262093201288	0.00818435668903032
"ENSMUSG00000021608"	43.4069025364847	-4.271696745763	1.13505179041907	-3.76343774074472	0.000167593465379849	0.00997697064922632
"ENSMUSG00000021583"	219.126224608126	-3.88292923992061	0.927849230591775	-4.18487089485876	2.85328220757073e-05	0.0048194686637395
"ENSMUSG00000041773"	122.267037274505	-7.37466297252411	1.43153789189575	-5.15156672713569	2.58319280755519e-07	0.000658455846645819
"ENSMUSG00000086649"	126.158835811651	-4.58051816247029	1.02948554929571	-4.44932730294651	8.61396608146753e-06	0.0033814596126246
"ENSMUSG00000021754"	139.777086428701	-3.58811515348337	0.923611925485454	-3.88487313175113	0.00010238333839972	0.00818435668903032
"ENSMUSG00000020605"	11.8480332072078	-6.81037071493028	1.79848713892514	-3.78672194397813	0.000152647752546418	0.00955377306618085
"ENSMUSG00000054364"	101.245695067052	-5.65652795953176	1.41270501071547	-4.00404041652474	6.22697190674199e-05	0.00667815745626102
"ENSMUSG00000048387"	44.5851499904504	-5.09618995311285	1.1841798427001	-4.30356080162016	1.68074694296598e-05	0.00424562734538947
"ENSMUSG00000037169"	76.0732265148046	-5.77325049191143	1.50560992843496	-3.83449284099272	0.000125823636695612	0.00909668816607851
"ENSMUSG00000073197"	29.4131354581164	-3.90928383279826	1.03235276305603	-3.78677131761218	0.000152617437157676	0.00955377306618085
"ENSMUSG00000020672"	35.4842422685064	-6.89391729438028	1.66298921345912	-4.1454973000339	3.39076996335785e-05	0.00513912644094179
"ENSMUSG00000002900"	723.800450078627	-4.78576059310096	1.16488182174253	-4.10836576189506	3.98468698801378e-05	0.00558633192284592
"ENSMUSG00000052125"	13.6981312837344	-7.01893013826888	1.53328935710444	-4.57769442261301	4.7012877391135e-06	0.00244110012809266
"ENSMUSG00000021025"	769.12836777612	-5.56063125968329	1.41912632078216	-3.91834833746055	8.91577992651341e-05	0.00780778780075968
"ENSMUSG00000021069"	110.504735816838	-4.42460459024156	1.0559567730894	-4.19013798954718	2.78784863838941e-05	0.00480428306888076
"ENSMUSG00000019718"	24.9335993516282	-5.43150766875143	1.41072528022234	-3.85015264481217	0.000118044233021464	0.0087817475737719
"ENSMUSG00000021109"	311.014468827269	-4.41575052401331	1.16202457107917	-3.80004918477105	0.000144667371848469	0.00942469911273409
"ENSMUSG00000052609"	23.4415646985925	-5.70618566988383	1.42632427755951	-4.00062297169007	6.31759463753747e-05	0.0067353245643313
"ENSMUSG00000002020"	21.740815818081	-4.63406619065601	1.17045420318066	-3.95920334009066	7.52001908917979e-05	0.00727675719233057
"ENSMUSG00000034168"	38.4546983092148	-7.04061300378832	1.69472844679311	-4.15441955736985	3.26114318072479e-05	0.00508514304828188
"ENSMUSG00000021190"	116.577789508574	-3.94855179021013	1.01359382121681	-3.89559575794367	9.79576505018386e-05	0.0080523565549918
"ENSMUSG00000041359"	58.4317623726843	-6.08145305807472	1.40480980064364	-4.32902237391026	1.49772718818192e-05	0.00403795890667624
"ENSMUSG00000021277"	87.9672596251668	-3.13609064033164	0.749013775614104	-4.18695989637895	2.82715755328409e-05	0.00480428306888076
"ENSMUSG00000039942"	33.9428221845109	-4.02714858238423	1.03348416944079	-3.89667176475795	9.75236491968833e-05	0.0080523565549918
"ENSMUSG00000051920"	26.5443336186287	-5.1751726270855	1.22394323218475	-4.22827831471218	2.35486384963587e-05	0.00467544597970478
"ENSMUSG00000038679"	86.2109504805418	-5.17518626360683	1.09868110884183	-4.71036247183885	2.47276614269201e-06	0.00182647626058511
"ENSMUSG00000022425"	76.8787319212033	-5.26613303901921	1.18896830681992	-4.42916182779024	9.46000213620542e-06	0.00341829962454839
"ENSMUSG00000101892"	153.011720909673	-4.88252676580213	1.18339129914552	-4.12587685014046	3.69324870354075e-05	0.00534492928781962
"ENSMUSG00000022359"	177.805325496901	-3.96053528996554	0.935628266829708	-4.23302227003622	2.30571663107257e-05	0.00467544597970478
"ENSMUSG00000022346"	135.787914521647	-4.88612708738377	1.28099368266183	-3.81432567038949	0.000136555291983851	0.00911636626651236
"ENSMUSG00000013846"	22.0824896252995	-5.65777046276868	1.45089873625609	-3.89949368718042	9.63940503919376e-05	0.0080523565549918
"ENSMUSG00000022443"	37.6005515540684	-6.99640922341524	1.58989113734107	-4.40055866662419	1.07972529892577e-05	0.00352803161395513
"ENSMUSG00000022440"	10.800851942706	-6.6776655979635	1.71320739935337	-3.89775668753469	9.70878901918096e-05	0.0080523565549918
"ENSMUSG00000022390"	31.9666852188213	-4.52960227009628	1.1881902996895	-3.81218586894705	0.0001377432308594	0.00914421762118692
"ENSMUSG00000045608"	60.8855584159683	-5.25181362537641	1.12192077691323	-4.68109133322751	2.85351765641649e-06	0.00186069259461074
"ENSMUSG00000046897"	73.5649590326813	-3.83959752982349	0.970240582675121	-3.95736644950168	7.578063055603e-05	0.00727675719233057
"ENSMUSG00000018830"	344.68259675973	-7.20438352364817	1.2338737975181	-5.83883338647726	5.25676061682006e-09	7.36971554675089e-05
"ENSMUSG00000022673"	317.86293144533	-3.80275776760844	0.988233710127926	-3.84803486122344	0.000119069112694084	0.00881024718424485
"ENSMUSG00000000326"	8.86606544410217	-6.39098663469532	1.69782868143791	-3.76421172793637	0.000167075280927361	0.00996728468494101
"ENSMUSG00000033501"	21.2484288992652	-4.47257748540346	1.16772010530498	-3.83017939408976	0.000128049871673651	0.00911636626651236
"ENSMUSG00000051065"	25.3506565344409	-3.96038693431158	1.02443561238862	-3.86592079230569	0.000110670854452969	0.00857907807205018
"ENSMUSG00000022906"	53.0201699959948	-3.52315177316733	0.842633159796562	-4.18112168054	2.90074571287273e-05	0.00484131006209753
"ENSMUSG00000022901"	311.391435092076	-4.1592820330039	0.926130135521433	-4.4910341144035	7.08781962141127e-06	0.00310524022444923
"ENSMUSG00000061100"	29.1579166844168	-6.00997263286091	1.43300700911463	-4.1939589929669	2.74127559147816e-05	0.00480428306888076
"ENSMUSG00000103932"	30.4009852958294	-4.34986508024755	1.0674450223809	-4.0750249324741	4.60094173884514e-05	0.0058906760463689
"ENSMUSG00000103851"	62.9834489302225	-3.13981894934754	0.806090965274179	-3.89511740561387	9.81511761717038e-05	0.0080523565549918
"ENSMUSG00000022969"	27.8605022612662	-5.57201708271088	1.21044261494951	-4.60328892414556	4.15870659398273e-06	0.00228639165075846
"ENSMUSG00000022949"	39.0561722040486	-4.65102796057055	1.17864988056028	-3.94606408338978	7.94463588860325e-05	0.00752225249249136
"ENSMUSG00000022895"	69.2827338500212	-4.35450852794379	0.985577569430375	-4.41823014545727	9.95124261483435e-06	0.00345551509939572
"ENSMUSG00000007564"	233.738741615843	-3.22837151776512	0.774068164180126	-4.17065533393242	3.03724941720546e-05	0.00494885316387298
"ENSMUSG00000024300"	12.4366127962712	-6.14005662998242	1.63284127779878	-3.76035118260838	0.000169674990331542	0.00999649126746248
"ENSMUSG00000067203"	9.56320670708186	-6.50047540033146	1.68291195171617	-3.86263547163149	0.000112170324459103	0.00857907807205018
"ENSMUSG00000037321"	22.254414741249	-7.7195682038353	1.66919599736572	-4.6247224508195	3.7510033160192e-06	0.00219113295787213
"ENSMUSG00000091971"	905.806835500314	-6.19024720966543	1.25280283975187	-4.94111843719278	7.7675704198241e-07	0.0010442238428931
"ENSMUSG00000091705"	30.4889084667712	-6.18608237651639	1.42404036156175	-4.34403584581836	1.39888674192274e-05	0.00396195811684563
"ENSMUSG00000073409"	64.9149385037305	-6.44764358646922	1.2848366504848	-5.01825939043407	5.21417445317765e-07	0.000974668249950988
"ENSMUSG00000003541"	281.124223277357	-4.8506116763181	1.01528744715062	-4.77757475474677	1.77422099262913e-06	0.00160475427136542
"ENSMUSG00000001525"	533.899456133295	-5.61370624809122	1.48069568739106	-3.79126264491415	0.000149883347363155	0.00947516950020549
"ENSMUSG00000024457"	162.709721232158	-3.95000861965569	1.00588711084162	-3.92689057955097	8.60511042248929e-05	0.0077318477063595
"ENSMUSG00000016206"	85.7970609219697	-5.91298212021587	1.21738855104055	-4.85710344093659	1.19115375273439e-06	0.00133595040291678
"ENSMUSG00000039601"	52.0678251180456	-6.15352182366596	1.32670233787892	-4.6382083214717	3.51442462659953e-06	0.00216012055520721
"ENSMUSG00000011589"	53.6374631868629	-4.55326090073985	1.09847926591773	-4.14505857507996	3.39726856525771e-05	0.00513912644094179
"ENSMUSG00000024164"	504.356053376388	-4.25211601766544	0.899115910187013	-4.72921896886578	2.25385198061748e-06	0.0018055930195581
"ENSMUSG00000097154"	81.7279988820222	-5.76284085333377	1.25801827949721	-4.58088801033717	4.63005741471082e-06	0.00244110012809266
"ENSMUSG00000024066"	115.838242233965	-4.00601267066823	1.04930128569481	-3.81779068155394	0.000134652092203616	0.00911636626651236
"ENSMUSG00000024140"	161.167718736096	-5.1593050720502	1.22632993179289	-4.20711012452197	2.58657113421871e-05	0.00474630625044436
"ENSMUSG00000024151"	211.225595944478	-4.63183126384504	1.13873847719653	-4.06751098395144	4.75179694162584e-05	0.00597348251724674
"ENSMUSG00000024236"	189.14073713317	-3.55898417523043	0.841989412568668	-4.22687521019177	2.36958993081087e-05	0.00467544597970478
"ENSMUSG00000037815"	372.189172968852	-3.35453438795969	0.835756955599023	-4.01376783703266	5.97571244011546e-05	0.00649430236854253
"ENSMUSG00000051439"	193.296242793977	-3.50335191183372	0.917009929468638	-3.8204078268419	0.000133231189486596	0.00911636626651236
"ENSMUSG00000036585"	22.517467325787	-4.94181045328858	1.29047541184953	-3.82944952527682	0.000128430220821726	0.00911636626651236
"ENSMUSG00000024620"	34.2169317425914	-6.84007855978887	1.62216080633616	-4.21664642190314	2.47962304780715e-05	0.00467544597970478
"ENSMUSG00000024621"	60.3872727170079	-5.59074294664903	1.46118691323644	-3.82616549327414	0.000130154806497554	0.00911636626651236
"ENSMUSG00000045730"	21.3356988499349	-6.18364778999374	1.62946628125693	-3.79489153051013	0.00014770801823118	0.00945567379722387
"ENSMUSG00000045991"	35.4977835352328	-6.31136223034884	1.44907603257023	-4.35543897524434	1.3280051149786e-05	0.00385362812235875
"ENSMUSG00000038155"	19.7803272765723	-6.81642245938843	1.67087916315852	-4.07954244070116	4.51244313003849e-05	0.00588485548479764
"ENSMUSG00000024856"	79.0456374967177	-4.09688163796118	1.04900886314526	-3.90547857305746	9.40390911137314e-05	0.00794205444499372
"ENSMUSG00000032946"	101.033595146295	-5.28108477784794	1.31066421352135	-4.02931942702493	5.59385654625658e-05	0.00636709431120143
"ENSMUSG00000024672"	63.5090645897999	-4.87532320809635	1.21543881135592	-4.01116301581445	6.04203718308656e-05	0.00654103013809128
"ENSMUSG00000024642"	207.471934293251	-4.07567309057562	1.04399685469425	-3.90391318924926	9.46497428070238e-05	0.00796962203773616
"ENSMUSG00000024640"	201.657364830188	-3.67889155303905	0.932704867813004	-3.94432545598832	8.00249153271874e-05	0.00752225249249136
"ENSMUSG00000024785"	82.9103175923121	-3.93705034095475	0.95058624529596	-4.14170766770243	3.44729547218677e-05	0.00516891538741416
"ENSMUSG00000016496"	88.3017041542705	-5.3323388051587	1.34343001187722	-3.96919732179247	7.21151462939761e-05	0.00709486521732209
"ENSMUSG00000035783"	1046.91898842197	-4.22092379322284	0.936354239897497	-4.50782792811929	6.54946570837682e-06	0.00292143009434859
"ENSMUSG00000050370"	67.5901222956948	-6.29528451353994	1.47806628653941	-4.25913544667816	2.05219095801956e-05	0.00460400431642618
"ENSMUSG00000045932"	247.428158512207	-5.99696895682224	1.53154100564437	-3.91564374360262	9.01633054317781e-05	0.00782597519050244
"ENSMUSG00000024811"	537.050521271848	-3.92433568351118	1.02694829373741	-3.82135664224069	0.000132719556180614	0.00911636626651236
"ENSMUSG00000048612"	63.5685870500195	-4.09219671856314	1.0275885485376	-3.98233001368778	6.8242931500532e-05	0.0069849388144389
"ENSMUSG00000025223"	37.1950099924496	-4.77114323245163	1.11546044720116	-4.27728589070377	1.89185773311124e-05	0.00449271654739398
"ENSMUSG00000055491"	108.297244606094	-4.22393257988333	1.00199335805422	-4.21552952016152	2.49192791196798e-05	0.00467544597970478
